__time,/dwm1001/id_458E/pose_kf/header/seq,/dwm1001/id_458E/pose_kf/header/stamp,/dwm1001/id_458E/pose_kf/pose/orientation/pitch_deg,/dwm1001/id_458E/pose_kf/pose/orientation/roll_deg,/dwm1001/id_458E/pose_kf/pose/orientation/w,/dwm1001/id_458E/pose_kf/pose/orientation/x,/dwm1001/id_458E/pose_kf/pose/orientation/y,/dwm1001/id_458E/pose_kf/pose/orientation/yaw_deg,/dwm1001/id_458E/pose_kf/pose/orientation/z,/dwm1001/id_458E/pose_kf/pose/position/x,/dwm1001/id_458E/pose_kf/pose/position/y,/dwm1001/id_458E/pose_kf/pose/position/z
1649350359.523377,1715.000000,1649350359.522985,0.000000,0.000000,1.000000,0.000000,0.000000,0.000000,0.000000,6.968320,24.772487,-0.213145
1649350359.623673,1716.000000,1649350359.623064,0.000000,0.000000,1.000000,0.000000,0.000000,0.000000,0.000000,6.967015,24.776120,-0.206787
1649350359.724371,1717.000000,1649350359.724109,0.000000,0.000000,1.000000,0.000000,0.000000,0.000000,0.000000,6.962474,24.780661,-0.208780
1649350359.824047,1718.000000,1649350359.823528,0.000000,0.000000,1.000000,0.000000,0.000000,0.000000,0.000000,6.962523,24.781682,-0.183299
1649350359.925325,1719.000000,1649350359.924360,0.000000,0.000000,1.000000,0.000000,0.000000,0.000000,0.000000,6.965821,24.782645,-0.151654
1649350360.024358,1720.000000,1649350360.023820,0.000000,0.000000,1.000000,0.000000,0.000000,0.000000,0.000000,6.971093,24.781368,-0.100435
1649350360.122264,1721.000000,1649350360.122102,0.000000,0.000000,1.000000,0.000000,0.000000,0.000000,0.000000,6.971673,24.781249,-0.075675
1649350360.222988,1722.000000,1649350360.222771,0.000000,0.000000,1.000000,0.000000,0.000000,0.000000,0.000000,6.973270,24.781136,-0.047308
1649350360.323599,1723.000000,1649350360.323172,0.000000,0.000000,1.000000,0.000000,0.000000,0.000000,0.000000,6.970374,24.784298,-0.047775
1649350360.424537,1724.000000,1649350360.423855,0.000000,0.000000,1.000000,0.000000,0.000000,0.000000,0.000000,6.970873,24.782916,-0.034774
1649350360.526031,1725.000000,1649350360.525001,0.000000,0.000000,1.000000,0.000000,0.000000,0.000000,0.000000,6.974584,24.780514,-0.015309
1649350360.622371,1726.000000,1649350360.622206,0.000000,0.000000,1.000000,0.000000,0.000000,0.000000,0.000000,6.976959,24.778244,-0.018696
1649350360.723311,1727.000000,1649350360.722795,0.000000,0.000000,1.000000,0.000000,0.000000,0.000000,0.000000,6.974796,24.778287,-0.040770
1649350360.822349,1728.000000,1649350360.822196,0.000000,0.000000,1.000000,0.000000,0.000000,0.000000,0.000000,6.975984,24.779427,-0.026696
1649350360.923145,1729.000000,1649350360.922846,0.000000,0.000000,1.000000,0.000000,0.000000,0.000000,0.000000,6.979249,24.776148,-0.001332
1649350361.022116,1730.000000,1649350361.021979,0.000000,0.000000,1.000000,0.000000,0.000000,0.000000,0.000000,6.984468,24.774152,0.044512
1649350361.123929,1731.000000,1649350361.123306,0.000000,0.000000,1.000000,0.000000,0.000000,0.000000,0.000000,6.991524,24.773375,0.106716
1649350361.223279,1732.000000,1649350361.222853,0.000000,0.000000,1.000000,0.000000,0.000000,0.000000,0.000000,6.990482,24.775932,0.132112
1649350361.325072,1733.000000,1649350361.324055,0.000000,0.000000,1.000000,0.000000,0.000000,0.000000,0.000000,6.992696,24.775091,0.168933
1649350361.424335,1734.000000,1649350361.423713,0.000000,0.000000,1.000000,0.000000,0.000000,0.000000,0.000000,6.996895,24.774310,0.201351
1649350361.525520,1735.000000,1649350361.524204,0.000000,0.000000,1.000000,0.000000,0.000000,0.000000,0.000000,6.996420,24.774677,0.195640
1649350361.625959,1736.000000,1649350361.624985,0.000000,0.000000,1.000000,0.000000,0.000000,0.000000,0.000000,6.991533,24.776128,0.163852
1649350361.725057,1737.000000,1649350361.724290,0.000000,0.000000,1.000000,0.000000,0.000000,0.000000,0.000000,6.990125,24.777508,0.162758
1649350361.823936,1738.000000,1649350361.823612,0.000000,0.000000,1.000000,0.000000,0.000000,0.000000,0.000000,6.983292,24.782088,0.136302
1649350361.924503,1739.000000,1649350361.923884,0.000000,0.000000,1.000000,0.000000,0.000000,0.000000,0.000000,6.975715,24.786406,0.100891
1649350362.023668,1740.000000,1649350362.023155,0.000000,0.000000,1.000000,0.000000,0.000000,0.000000,0.000000,6.972913,24.789375,0.084380
1649350362.122287,1741.000000,1649350362.122115,0.000000,0.000000,1.000000,0.000000,0.000000,0.000000,0.000000,6.969181,24.793240,0.046529
1649350362.222540,1742.000000,1649350362.222255,0.000000,0.000000,1.000000,0.000000,0.000000,0.000000,0.000000,6.968944,24.793581,0.035855
1649350362.323108,1743.000000,1649350362.322777,0.000000,0.000000,1.000000,0.000000,0.000000,0.000000,0.000000,6.970920,24.792772,0.054511
1649350362.422408,1744.000000,1649350362.422208,0.000000,0.000000,1.000000,0.000000,0.000000,0.000000,0.000000,6.966259,24.794152,0.049677
1649350362.522952,1745.000000,1649350362.522483,0.000000,0.000000,1.000000,0.000000,0.000000,0.000000,0.000000,6.966239,24.791056,0.059412
1649350362.622265,1746.000000,1649350362.622049,0.000000,0.000000,1.000000,0.000000,0.000000,0.000000,0.000000,6.968426,24.790283,0.080697
1649350362.723121,1747.000000,1649350362.722618,0.000000,0.000000,1.000000,0.000000,0.000000,0.000000,0.000000,6.972690,24.786259,0.109812
1649350362.823560,1748.000000,1649350362.823169,0.000000,0.000000,1.000000,0.000000,0.000000,0.000000,0.000000,6.971273,24.786807,0.102046
1649350362.923431,1749.000000,1649350362.922926,0.000000,0.000000,1.000000,0.000000,0.000000,0.000000,0.000000,6.973211,24.787315,0.112132
1649350363.024646,1750.000000,1649350363.024023,0.000000,0.000000,1.000000,0.000000,0.000000,0.000000,0.000000,6.971771,24.789965,0.090955
1649350363.123111,1751.000000,1649350363.122862,0.000000,0.000000,1.000000,0.000000,0.000000,0.000000,0.000000,6.968234,24.792453,0.055950
1649350363.222038,1752.000000,1649350363.221912,0.000000,0.000000,1.000000,0.000000,0.000000,0.000000,0.000000,6.968176,24.793689,0.059353
1649350363.323738,1753.000000,1649350363.323108,0.000000,0.000000,1.000000,0.000000,0.000000,0.000000,0.000000,6.963774,24.797011,0.034292
1649350363.423116,1754.000000,1649350363.422542,0.000000,0.000000,1.000000,0.000000,0.000000,0.000000,0.000000,6.956369,24.802296,-0.012394
1649350363.523082,1755.000000,1649350363.522815,0.000000,0.000000,1.000000,0.000000,0.000000,0.000000,0.000000,6.953777,24.806152,-0.037817
1649350363.622730,1756.000000,1649350363.622489,0.000000,0.000000,1.000000,0.000000,0.000000,0.000000,0.000000,6.945930,24.810828,-0.076662
1649350363.723164,1757.000000,1649350363.722898,0.000000,0.000000,1.000000,0.000000,0.000000,0.000000,0.000000,6.939677,24.815177,-0.121874
1649350363.822743,1758.000000,1649350363.822534,0.000000,0.000000,1.000000,0.000000,0.000000,0.000000,0.000000,6.938218,24.818118,-0.136835
1649350363.923779,1759.000000,1649350363.923220,0.000000,0.000000,1.000000,0.000000,0.000000,0.000000,0.000000,6.934748,24.820814,-0.173554
1649350364.022526,1760.000000,1649350364.022346,0.000000,0.000000,1.000000,0.000000,0.000000,0.000000,0.000000,6.926111,24.826544,-0.220617
1649350364.122848,1761.000000,1649350364.122489,0.000000,0.000000,1.000000,0.000000,0.000000,0.000000,0.000000,6.915883,24.830769,-0.256570
1649350364.223060,1762.000000,1649350364.222764,0.000000,0.000000,1.000000,0.000000,0.000000,0.000000,0.000000,6.904174,24.834655,-0.297945
1649350364.324368,1763.000000,1649350364.323451,0.000000,0.000000,1.000000,0.000000,0.000000,0.000000,0.000000,6.895457,24.838214,-0.351727
1649350364.422459,1764.000000,1649350364.422200,0.000000,0.000000,1.000000,0.000000,0.000000,0.000000,0.000000,6.884132,24.842549,-0.410084
1649350364.523218,1765.000000,1649350364.522790,0.000000,0.000000,1.000000,0.000000,0.000000,0.000000,0.000000,6.876910,24.844341,-0.457434
1649350364.623487,1766.000000,1649350364.623181,0.000000,0.000000,1.000000,0.000000,0.000000,0.000000,0.000000,6.872487,24.844819,-0.499808
1649350364.723833,1767.000000,1649350364.723085,0.000000,0.000000,1.000000,0.000000,0.000000,0.000000,0.000000,6.875073,24.840791,-0.518009
1649350364.822523,1768.000000,1649350364.822291,0.000000,0.000000,1.000000,0.000000,0.000000,0.000000,0.000000,6.882084,24.833611,-0.507363
1649350364.923496,1769.000000,1649350364.923116,0.000000,0.000000,1.000000,0.000000,0.000000,0.000000,0.000000,6.883432,24.830022,-0.511822
1649350365.023876,1770.000000,1649350365.023318,0.000000,0.000000,1.000000,0.000000,0.000000,0.000000,0.000000,6.888134,24.825482,-0.483216
1649350365.124998,1771.000000,1649350365.124415,0.000000,0.000000,1.000000,0.000000,0.000000,0.000000,0.000000,6.890532,24.822241,-0.461664
1649350365.224967,1772.000000,1649350365.224302,0.000000,0.000000,1.000000,0.000000,0.000000,0.000000,0.000000,6.896188,24.818060,-0.417907
1649350365.324679,1773.000000,1649350365.324192,0.000000,0.000000,1.000000,0.000000,0.000000,0.000000,0.000000,6.905990,24.811915,-0.361000
1649350365.424510,1774.000000,1649350365.423915,0.000000,0.000000,1.000000,0.000000,0.000000,0.000000,0.000000,6.908773,24.809384,-0.335135
1649350365.525438,1775.000000,1649350365.525143,0.000000,0.000000,1.000000,0.000000,0.000000,0.000000,0.000000,6.909268,24.807008,-0.326213
1649350365.622205,1776.000000,1649350365.622073,0.000000,0.000000,1.000000,0.000000,0.000000,0.000000,0.000000,6.911958,24.801512,-0.293254
1649350365.724942,1777.000000,1649350365.724055,0.000000,0.000000,1.000000,0.000000,0.000000,0.000000,0.000000,6.913440,24.798535,-0.276000
1649350365.822412,1778.000000,1649350365.822278,0.000000,0.000000,1.000000,0.000000,0.000000,0.000000,0.000000,6.910503,24.797947,-0.277080
1649350365.924304,1779.000000,1649350365.923620,0.000000,0.000000,1.000000,0.000000,0.000000,0.000000,0.000000,6.905577,24.798526,-0.287692
1649350366.022351,1780.000000,1649350366.022155,0.000000,0.000000,1.000000,0.000000,0.000000,0.000000,0.000000,6.899874,24.799115,-0.306632
1649350366.122581,1781.000000,1649350366.122381,0.000000,0.000000,1.000000,0.000000,0.000000,0.000000,0.000000,6.901083,24.795346,-0.300473
1649350366.224326,1782.000000,1649350366.223736,0.000000,0.000000,1.000000,0.000000,0.000000,0.000000,0.000000,6.901190,24.792919,-0.297661
1649350366.322595,1783.000000,1649350366.322379,0.000000,0.000000,1.000000,0.000000,0.000000,0.000000,0.000000,6.893708,24.793946,-0.313396
1649350366.426087,1784.000000,1649350366.424334,0.000000,0.000000,1.000000,0.000000,0.000000,0.000000,0.000000,6.884523,24.797143,-0.336423
1649350366.525140,1785.000000,1649350366.524237,0.000000,0.000000,1.000000,0.000000,0.000000,0.000000,0.000000,6.874843,24.801289,-0.370448
1649350366.622548,1786.000000,1649350366.622278,0.000000,0.000000,1.000000,0.000000,0.000000,0.000000,0.000000,6.864720,24.806317,-0.414170
1649350366.722867,1787.000000,1649350366.722510,0.000000,0.000000,1.000000,0.000000,0.000000,0.000000,0.000000,6.862926,24.806710,-0.425199
1649350366.824321,1788.000000,1649350366.823324,0.000000,0.000000,1.000000,0.000000,0.000000,0.000000,0.000000,6.871186,24.805990,-0.441942
1649350366.922824,1789.000000,1649350366.922527,0.000000,0.000000,1.000000,0.000000,0.000000,0.000000,0.000000,6.875833,24.805311,-0.466571
1649350367.022975,1790.000000,1649350367.022650,0.000000,0.000000,1.000000,0.000000,0.000000,0.000000,0.000000,6.880314,24.805763,-0.501967
1649350367.124926,1791.000000,1649350367.124311,0.000000,0.000000,1.000000,0.000000,0.000000,0.000000,0.000000,6.884619,24.807283,-0.539585
1649350367.222745,1792.000000,1649350367.222492,0.000000,0.000000,1.000000,0.000000,0.000000,0.000000,0.000000,6.887650,24.808717,-0.585740
1649350367.324246,1793.000000,1649350367.323964,0.000000,0.000000,1.000000,0.000000,0.000000,0.000000,0.000000,6.886192,24.811156,-0.619865
1649350367.422131,1794.000000,1649350367.422016,0.000000,0.000000,1.000000,0.000000,0.000000,0.000000,0.000000,6.882674,24.815629,-0.660957
1649350367.525111,1795.000000,1649350367.524486,0.000000,0.000000,1.000000,0.000000,0.000000,0.000000,0.000000,6.879397,24.819830,-0.709494
1649350367.622860,1796.000000,1649350367.622505,0.000000,0.000000,1.000000,0.000000,0.000000,0.000000,0.000000,6.882897,24.819401,-0.715925
1649350367.725088,1797.000000,1649350367.724337,0.000000,0.000000,1.000000,0.000000,0.000000,0.000000,0.000000,6.882978,24.821141,-0.732768
1649350367.823958,1798.000000,1649350367.823457,0.000000,0.000000,1.000000,0.000000,0.000000,0.000000,0.000000,6.887456,24.819476,-0.709601
1649350367.926594,1799.000000,1649350367.925914,0.000000,0.000000,1.000000,0.000000,0.000000,0.000000,0.000000,6.890622,24.818960,-0.706974
1649350368.022271,1800.000000,1649350368.022071,0.000000,0.000000,1.000000,0.000000,0.000000,0.000000,0.000000,6.891448,24.818444,-0.699893
1649350368.126518,1801.000000,1649350368.125482,0.000000,0.000000,1.000000,0.000000,0.000000,0.000000,0.000000,6.891147,24.819021,-0.706313
1649350368.222995,1802.000000,1649350368.222700,0.000000,0.000000,1.000000,0.000000,0.000000,0.000000,0.000000,6.897414,24.814090,-0.690216
1649350368.324145,1803.000000,1649350368.323704,0.000000,0.000000,1.000000,0.000000,0.000000,0.000000,0.000000,6.907690,24.808328,-0.644493
1649350368.422566,1804.000000,1649350368.422277,0.000000,0.000000,1.000000,0.000000,0.000000,0.000000,0.000000,6.909731,24.805072,-0.617208
1649350368.526244,1805.000000,1649350368.525459,0.000000,0.000000,1.000000,0.000000,0.000000,0.000000,0.000000,6.908343,24.805284,-0.611711
1649350368.622615,1806.000000,1649350368.622418,0.000000,0.000000,1.000000,0.000000,0.000000,0.000000,0.000000,6.911352,24.801141,-0.577951
1649350368.725845,1807.000000,1649350368.725135,0.000000,0.000000,1.000000,0.000000,0.000000,0.000000,0.000000,6.919602,24.797253,-0.517941
1649350368.822815,1808.000000,1649350368.822533,0.000000,0.000000,1.000000,0.000000,0.000000,0.000000,0.000000,6.922972,24.795799,-0.471560
1649350368.925534,1809.000000,1649350368.924670,0.000000,0.000000,1.000000,0.000000,0.000000,0.000000,0.000000,6.919539,24.796648,-0.448018
1649350369.024174,1810.000000,1649350369.023523,0.000000,0.000000,1.000000,0.000000,0.000000,0.000000,0.000000,6.910779,24.799669,-0.440788
1649350369.126364,1811.000000,1649350369.125619,0.000000,0.000000,1.000000,0.000000,0.000000,0.000000,0.000000,6.903557,24.800371,-0.438739
1649350369.222550,1812.000000,1649350369.222235,0.000000,0.000000,1.000000,0.000000,0.000000,0.000000,0.000000,6.902174,24.797785,-0.409407
1649350369.324277,1813.000000,1649350369.323835,0.000000,0.000000,1.000000,0.000000,0.000000,0.000000,0.000000,6.899775,24.797551,-0.407971
1649350369.422748,1814.000000,1649350369.422500,0.000000,0.000000,1.000000,0.000000,0.000000,0.000000,0.000000,6.902965,24.794086,-0.384111
1649350369.525959,1815.000000,1649350369.525333,0.000000,0.000000,1.000000,0.000000,0.000000,0.000000,0.000000,6.902706,24.794118,-0.375863
1649350369.622895,1816.000000,1649350369.622595,0.000000,0.000000,1.000000,0.000000,0.000000,0.000000,0.000000,6.899187,24.794184,-0.372930
1649350369.726637,1817.000000,1649350369.726200,0.000000,0.000000,1.000000,0.000000,0.000000,0.000000,0.000000,6.898049,24.794280,-0.379128
1649350369.822188,1818.000000,1649350369.822058,0.000000,0.000000,1.000000,0.000000,0.000000,0.000000,0.000000,6.900255,24.793310,-0.401332
1649350369.925120,1819.000000,1649350369.924338,0.000000,0.000000,1.000000,0.000000,0.000000,0.000000,0.000000,6.899074,24.794607,-0.429175
1649350370.024896,1820.000000,1649350370.024228,0.000000,0.000000,1.000000,0.000000,0.000000,0.000000,0.000000,6.892513,24.798039,-0.458347
1649350370.122509,1821.000000,1649350370.122313,0.000000,0.000000,1.000000,0.000000,0.000000,0.000000,0.000000,6.885247,24.802389,-0.486325
1649350370.222934,1822.000000,1649350370.222556,0.000000,0.000000,1.000000,0.000000,0.000000,0.000000,0.000000,6.884967,24.802140,-0.486497
1649350370.322746,1823.000000,1649350370.322445,0.000000,0.000000,1.000000,0.000000,0.000000,0.000000,0.000000,6.890201,24.798633,-0.455148
1649350370.423732,1824.000000,1649350370.423081,0.000000,0.000000,1.000000,0.000000,0.000000,0.000000,0.000000,6.894088,24.796419,-0.430700
1649350370.522793,1825.000000,1649350370.522519,0.000000,0.000000,1.000000,0.000000,0.000000,0.000000,0.000000,6.894506,24.797614,-0.430659
1649350370.624048,1826.000000,1649350370.623669,0.000000,0.000000,1.000000,0.000000,0.000000,0.000000,0.000000,6.901455,24.794395,-0.403234
1649350370.725882,1827.000000,1649350370.725143,0.000000,0.000000,1.000000,0.000000,0.000000,0.000000,0.000000,6.911286,24.790283,-0.354412
1649350370.823215,1828.000000,1649350370.822918,0.000000,0.000000,1.000000,0.000000,0.000000,0.000000,0.000000,6.913998,24.790791,-0.329490
1649350370.923840,1829.000000,1649350370.923255,0.000000,0.000000,1.000000,0.000000,0.000000,0.000000,0.000000,6.914334,24.794572,-0.331572
1649350371.022316,1830.000000,1649350371.022152,0.000000,0.000000,1.000000,0.000000,0.000000,0.000000,0.000000,6.912425,24.799254,-0.348269
1649350371.124640,1831.000000,1649350371.124014,0.000000,0.000000,1.000000,0.000000,0.000000,0.000000,0.000000,6.905132,24.805863,-0.375728
1649350371.222450,1832.000000,1649350371.222279,0.000000,0.000000,1.000000,0.000000,0.000000,0.000000,0.000000,6.898224,24.813183,-0.414272
1649350371.324904,1833.000000,1649350371.324279,0.000000,0.000000,1.000000,0.000000,0.000000,0.000000,0.000000,6.889522,24.821152,-0.459350
1649350371.422550,1834.000000,1649350371.422362,0.000000,0.000000,1.000000,0.000000,0.000000,0.000000,0.000000,6.878060,24.828622,-0.501751
1649350371.523083,1835.000000,1649350371.522750,0.000000,0.000000,1.000000,0.000000,0.000000,0.000000,0.000000,6.868385,24.835602,-0.547965
1649350371.629770,1836.000000,1649350371.628513,0.000000,0.000000,1.000000,0.000000,0.000000,0.000000,0.000000,6.859334,24.843190,-0.594540
1649350371.725524,1837.000000,1649350371.724747,0.000000,0.000000,1.000000,0.000000,0.000000,0.000000,0.000000,6.858529,24.843703,-0.596228
1649350371.822292,1838.000000,1649350371.822155,0.000000,0.000000,1.000000,0.000000,0.000000,0.000000,0.000000,6.863336,24.840802,-0.567751
1649350371.922827,1839.000000,1649350371.922547,0.000000,0.000000,1.000000,0.000000,0.000000,0.000000,0.000000,6.863614,24.841233,-0.557964
1649350372.024652,1840.000000,1649350372.023838,0.000000,0.000000,1.000000,0.000000,0.000000,0.000000,0.000000,6.859603,24.842636,-0.562107
1649350372.122442,1841.000000,1649350372.122227,0.000000,0.000000,1.000000,0.000000,0.000000,0.000000,0.000000,6.859177,24.843869,-0.575586
1649350372.224049,1842.000000,1649350372.223507,0.000000,0.000000,1.000000,0.000000,0.000000,0.000000,0.000000,6.859957,24.843853,-0.589944
1649350372.322249,1843.000000,1649350372.322109,0.000000,0.000000,1.000000,0.000000,0.000000,0.000000,0.000000,6.857506,24.844842,-0.613196
1649350372.424440,1844.000000,1649350372.423607,0.000000,0.000000,1.000000,0.000000,0.000000,0.000000,0.000000,6.861817,24.840241,-0.606241
1649350372.523327,1845.000000,1649350372.522886,0.000000,0.000000,1.000000,0.000000,0.000000,0.000000,0.000000,6.861600,24.832555,-0.615480
1649350372.622793,1846.000000,1649350372.622464,0.000000,0.000000,1.000000,0.000000,0.000000,0.000000,0.000000,6.868002,24.823069,-0.592673
1649350372.722254,1847.000000,1649350372.722073,0.000000,0.000000,1.000000,0.000000,0.000000,0.000000,0.000000,6.868644,24.818456,-0.589966
1649350372.822466,1848.000000,1649350372.822198,0.000000,0.000000,1.000000,0.000000,0.000000,0.000000,0.000000,6.868198,24.816285,-0.597691
1649350372.923376,1849.000000,1649350372.923164,0.000000,0.000000,1.000000,0.000000,0.000000,0.000000,0.000000,6.868901,24.814248,-0.607355
1649350373.024876,1850.000000,1649350373.024095,0.000000,0.000000,1.000000,0.000000,0.000000,0.000000,0.000000,6.869598,24.812344,-0.610808
1649350373.123447,1851.000000,1649350373.123073,0.000000,0.000000,1.000000,0.000000,0.000000,0.000000,0.000000,6.868103,24.810570,-0.609106
1649350373.227978,1852.000000,1649350373.226078,0.000000,0.000000,1.000000,0.000000,0.000000,0.000000,0.000000,6.864540,24.812193,-0.618598
1649350373.325353,1853.000000,1649350373.324559,0.000000,0.000000,1.000000,0.000000,0.000000,0.000000,0.000000,6.863391,24.812662,-0.613823
1649350373.425673,1854.000000,1649350373.424911,0.000000,0.000000,1.000000,0.000000,0.000000,0.000000,0.000000,6.863437,24.813125,-0.611500
1649350373.522705,1855.000000,1649350373.522420,0.000000,0.000000,1.000000,0.000000,0.000000,0.000000,0.000000,6.862429,24.813581,-0.609122
1649350373.626002,1856.000000,1649350373.625285,0.000000,0.000000,1.000000,0.000000,0.000000,0.000000,0.000000,6.860425,24.814028,-0.599444
1649350373.722500,1857.000000,1649350373.722303,0.000000,0.000000,1.000000,0.000000,0.000000,0.000000,0.000000,6.865116,24.810102,-0.555362
1649350373.825131,1858.000000,1649350373.824579,0.000000,0.000000,1.000000,0.000000,0.000000,0.000000,0.000000,6.873940,24.806415,-0.485600
1649350373.922278,1859.000000,1649350373.922036,0.000000,0.000000,1.000000,0.000000,0.000000,0.000000,0.000000,6.881190,24.802964,-0.438895
1649350374.024493,1860.000000,1649350374.024032,0.000000,0.000000,1.000000,0.000000,0.000000,0.000000,0.000000,6.891290,24.796473,-0.376489
1649350374.122289,1861.000000,1649350374.122138,0.000000,0.000000,1.000000,0.000000,0.000000,0.000000,0.000000,6.895333,24.794759,-0.341857
1649350374.223771,1862.000000,1649350374.223275,0.000000,0.000000,1.000000,0.000000,0.000000,0.000000,0.000000,6.903451,24.792112,-0.283120
1649350374.323276,1863.000000,1649350374.322885,0.000000,0.000000,1.000000,0.000000,0.000000,0.000000,0.000000,6.905588,24.792948,-0.253756
1649350374.423545,1864.000000,1649350374.423117,0.000000,0.000000,1.000000,0.000000,0.000000,0.000000,0.000000,6.908611,24.791620,-0.232454
1649350374.524624,1865.000000,1649350374.523925,0.000000,0.000000,1.000000,0.000000,0.000000,0.000000,0.000000,6.915737,24.788245,-0.193099
1649350374.623385,1866.000000,1649350374.622981,0.000000,0.000000,1.000000,0.000000,0.000000,0.000000,0.000000,6.926726,24.781853,-0.154210
1649350374.722181,1867.000000,1649350374.722053,0.000000,0.000000,1.000000,0.000000,0.000000,0.000000,0.000000,6.932616,24.776984,-0.140007
1649350374.825229,1868.000000,1649350374.824228,0.000000,0.000000,1.000000,0.000000,0.000000,0.000000,0.000000,6.934765,24.775748,-0.147882
1649350374.922365,1869.000000,1649350374.922201,0.000000,0.000000,1.000000,0.000000,0.000000,0.000000,0.000000,6.941012,24.772493,-0.126912
1649350375.023629,1870.000000,1649350375.023048,0.000000,0.000000,1.000000,0.000000,0.000000,0.000000,0.000000,6.940217,24.772785,-0.135529
1649350375.122332,1871.000000,1649350375.122147,0.000000,0.000000,1.000000,0.000000,0.000000,0.000000,0.000000,6.944771,24.772063,-0.112023
1649350375.223680,1872.000000,1649350375.223010,0.000000,0.000000,1.000000,0.000000,0.000000,0.000000,0.000000,6.952195,24.769289,-0.073835
1649350375.322998,1873.000000,1649350375.322501,0.000000,0.000000,1.000000,0.000000,0.000000,0.000000,0.000000,6.953596,24.770030,-0.065957
1649350375.424242,1874.000000,1649350375.423708,0.000000,0.000000,1.000000,0.000000,0.000000,0.000000,0.000000,6.951487,24.774087,-0.082318
1649350375.522301,1875.000000,1649350375.522137,0.000000,0.000000,1.000000,0.000000,0.000000,0.000000,0.000000,6.949348,24.779081,-0.118667
1649350375.624465,1876.000000,1649350375.624084,0.000000,0.000000,1.000000,0.000000,0.000000,0.000000,0.000000,6.941742,24.786032,-0.162823
1649350375.724599,1877.000000,1649350375.724241,0.000000,0.000000,1.000000,0.000000,0.000000,0.000000,0.000000,6.935541,24.791537,-0.207931
1649350375.824101,1878.000000,1649350375.823414,0.000000,0.000000,1.000000,0.000000,0.000000,0.000000,0.000000,6.929604,24.794566,-0.244990
1649350375.922656,1879.000000,1649350375.922416,0.000000,0.000000,1.000000,0.000000,0.000000,0.000000,0.000000,6.930482,24.794154,-0.246833
1649350376.026209,1880.000000,1649350376.025529,0.000000,0.000000,1.000000,0.000000,0.000000,0.000000,0.000000,6.935622,24.791579,-0.222935
1649350376.122983,1881.000000,1649350376.122712,0.000000,0.000000,1.000000,0.000000,0.000000,0.000000,0.000000,6.934966,24.792421,-0.221143
1649350376.224740,1882.000000,1649350376.224143,0.000000,0.000000,1.000000,0.000000,0.000000,0.000000,0.000000,6.936469,24.792128,-0.229271
1649350376.324192,1883.000000,1649350376.323037,0.000000,0.000000,1.000000,0.000000,0.000000,0.000000,0.000000,6.934558,24.792944,-0.243672
1649350376.422928,1884.000000,1649350376.422579,0.000000,0.000000,1.000000,0.000000,0.000000,0.000000,0.000000,6.932702,24.793716,-0.269707
1649350376.522236,1885.000000,1649350376.522107,0.000000,0.000000,1.000000,0.000000,0.000000,0.000000,0.000000,6.930905,24.796624,-0.310892
1649350376.624807,1886.000000,1649350376.624314,0.000000,0.000000,1.000000,0.000000,0.000000,0.000000,0.000000,6.929172,24.799361,-0.337510
1649350376.722400,1887.000000,1649350376.722235,0.000000,0.000000,1.000000,0.000000,0.000000,0.000000,0.000000,6.927508,24.800840,-0.376717
1649350376.823074,1888.000000,1649350376.822815,0.000000,0.000000,1.000000,0.000000,0.000000,0.000000,0.000000,6.924824,24.804396,-0.424715
1649350376.922333,1889.000000,1649350376.922184,0.000000,0.000000,1.000000,0.000000,0.000000,0.000000,0.000000,6.927729,24.804454,-0.423008
1649350377.024331,1890.000000,1649350377.024013,0.000000,0.000000,1.000000,0.000000,0.000000,0.000000,0.000000,6.929367,24.803387,-0.424417
1649350377.122122,1891.000000,1649350377.121983,0.000000,0.000000,1.000000,0.000000,0.000000,0.000000,0.000000,6.929803,24.802353,-0.426402
1649350377.224787,1892.000000,1649350377.224266,0.000000,0.000000,1.000000,0.000000,0.000000,0.000000,0.000000,6.929102,24.802444,-0.437008
1649350377.322618,1893.000000,1649350377.322422,0.000000,0.000000,1.000000,0.000000,0.000000,0.000000,0.000000,6.927330,24.802509,-0.447813
1649350377.424029,1894.000000,1649350377.423545,0.000000,0.000000,1.000000,0.000000,0.000000,0.000000,0.000000,6.928913,24.800371,-0.423314
1649350377.522249,1895.000000,1649350377.522101,0.000000,0.000000,1.000000,0.000000,0.000000,0.000000,0.000000,6.926032,24.801609,-0.410951
1649350377.626343,1896.000000,1649350377.625699,0.000000,0.000000,1.000000,0.000000,0.000000,0.000000,0.000000,6.921121,24.803856,-0.401391
1649350377.726346,1897.000000,1649350377.725687,0.000000,0.000000,1.000000,0.000000,0.000000,0.000000,0.000000,6.915395,24.807049,-0.415509
1649350377.825306,1898.000000,1649350377.824692,0.000000,0.000000,1.000000,0.000000,0.000000,0.000000,0.000000,6.916551,24.807858,-0.391849
1649350377.925806,1899.000000,1649350377.924205,0.000000,0.000000,1.000000,0.000000,0.000000,0.000000,0.000000,6.917666,24.808592,-0.375524
1649350378.024829,1900.000000,1649350378.024146,0.000000,0.000000,1.000000,0.000000,0.000000,0.000000,0.000000,6.912194,24.810345,-0.371110
1649350378.122684,1901.000000,1649350378.122382,0.000000,0.000000,1.000000,0.000000,0.000000,0.000000,0.000000,6.907053,24.811968,-0.368458
1649350378.222292,1902.000000,1649350378.222119,0.000000,0.000000,1.000000,0.000000,0.000000,0.000000,0.000000,6.903330,24.812374,-0.368308
1649350378.322618,1903.000000,1649350378.322328,0.000000,0.000000,1.000000,0.000000,0.000000,0.000000,0.000000,6.905318,24.808359,-0.350400
1649350378.422693,1904.000000,1649350378.422438,0.000000,0.000000,1.000000,0.000000,0.000000,0.000000,0.000000,6.910516,24.803450,-0.322740
1649350378.522239,1905.000000,1649350378.522016,0.000000,0.000000,1.000000,0.000000,0.000000,0.000000,0.000000,6.919820,24.797713,-0.276088
1649350378.624605,1906.000000,1649350378.623827,0.000000,0.000000,1.000000,0.000000,0.000000,0.000000,0.000000,6.926433,24.793391,-0.253224
1649350378.722707,1907.000000,1649350378.722341,0.000000,0.000000,1.000000,0.000000,0.000000,0.000000,0.000000,6.931572,24.790421,-0.248382
1649350378.822353,1908.000000,1649350378.822189,0.000000,0.000000,1.000000,0.000000,0.000000,0.000000,0.000000,6.930940,24.790918,-0.262451
1649350378.924210,1909.000000,1649350378.923666,0.000000,0.000000,1.000000,0.000000,0.000000,0.000000,0.000000,6.927038,24.792508,-0.276088
1649350379.022650,1910.000000,1649350379.022388,0.000000,0.000000,1.000000,0.000000,0.000000,0.000000,0.000000,6.921147,24.796215,-0.299768
1649350379.126189,1911.000000,1649350379.125455,0.000000,0.000000,1.000000,0.000000,0.000000,0.000000,0.000000,6.916666,24.798640,-0.321749
1649350379.222684,1912.000000,1649350379.222477,0.000000,0.000000,1.000000,0.000000,0.000000,0.000000,0.000000,6.908083,24.803116,-0.350931
1649350379.324050,1913.000000,1649350379.323561,0.000000,0.000000,1.000000,0.000000,0.000000,0.000000,0.000000,6.902187,24.807336,-0.392619
1649350379.423338,1914.000000,1649350379.422982,0.000000,0.000000,1.000000,0.000000,0.000000,0.000000,0.000000,6.897759,24.809121,-0.427690
1649350379.524761,1915.000000,1649350379.524106,0.000000,0.000000,1.000000,0.000000,0.000000,0.000000,0.000000,6.899091,24.807508,-0.423292
1649350379.622427,1916.000000,1649350379.622195,0.000000,0.000000,1.000000,0.000000,0.000000,0.000000,0.000000,6.898229,24.808142,-0.439094
1649350379.723648,1917.000000,1649350379.722934,0.000000,0.000000,1.000000,0.000000,0.000000,0.000000,0.000000,6.896382,24.809809,-0.471035
1649350379.823449,1918.000000,1649350379.822721,0.000000,0.000000,1.000000,0.000000,0.000000,0.000000,0.000000,6.900147,24.808087,-0.468416
1649350379.926591,1919.000000,1649350379.925839,0.000000,0.000000,1.000000,0.000000,0.000000,0.000000,0.000000,6.907025,24.804258,-0.434257
1649350380.023050,1920.000000,1649350380.022842,0.000000,0.000000,1.000000,0.000000,0.000000,0.000000,0.000000,6.916819,24.798450,-0.384412
1649350380.122821,1921.000000,1649350380.122455,0.000000,0.000000,1.000000,0.000000,0.000000,0.000000,0.000000,6.923889,24.796242,-0.367989
1649350380.223070,1922.000000,1649350380.222734,0.000000,0.000000,1.000000,0.000000,0.000000,0.000000,0.000000,6.925088,24.797444,-0.368348
1649350380.325015,1923.000000,1649350380.324232,0.000000,0.000000,1.000000,0.000000,0.000000,0.000000,0.000000,6.930549,24.794232,-0.344490
1649350380.425122,1924.000000,1649350380.424555,0.000000,0.000000,1.000000,0.000000,0.000000,0.000000,0.000000,6.937844,24.790127,-0.348239
1649350380.522522,1925.000000,1649350380.522381,0.000000,0.000000,1.000000,0.000000,0.000000,0.000000,0.000000,6.942491,24.786281,-0.359926
1649350380.623976,1926.000000,1649350380.623273,0.000000,0.000000,1.000000,0.000000,0.000000,0.000000,0.000000,6.945714,24.783779,-0.382435
1649350380.722416,1927.000000,1649350380.722222,0.000000,0.000000,1.000000,0.000000,0.000000,0.000000,0.000000,6.943223,24.784734,-0.409647
1649350380.822342,1928.000000,1649350380.821963,0.000000,0.000000,1.000000,0.000000,0.000000,0.000000,0.000000,6.940795,24.785681,-0.450199
1649350380.926083,1929.000000,1649350380.925290,0.000000,0.000000,1.000000,0.000000,0.000000,0.000000,0.000000,6.943890,24.782253,-0.454295
1649350381.022502,1930.000000,1649350381.022245,0.000000,0.000000,1.000000,0.000000,0.000000,0.000000,0.000000,6.948930,24.777969,-0.447595
1649350381.124791,1931.000000,1649350381.124129,0.000000,0.000000,1.000000,0.000000,0.000000,0.000000,0.000000,6.951434,24.775066,-0.448295
1649350381.222863,1932.000000,1649350381.222470,0.000000,0.000000,1.000000,0.000000,0.000000,0.000000,0.000000,6.949359,24.773475,-0.448843
1649350381.324084,1933.000000,1649350381.323662,0.000000,0.000000,1.000000,0.000000,0.000000,0.000000,0.000000,6.952776,24.769855,-0.427474
1649350381.422198,1934.000000,1649350381.422020,0.000000,0.000000,1.000000,0.000000,0.000000,0.000000,0.000000,6.951568,24.768686,-0.430275
1649350381.524770,1935.000000,1649350381.523920,0.000000,0.000000,1.000000,0.000000,0.000000,0.000000,0.000000,6.955808,24.766562,-0.399819
1649350381.623854,1936.000000,1649350381.623437,0.000000,0.000000,1.000000,0.000000,0.000000,0.000000,0.000000,6.960828,24.762447,-0.350404
1649350381.722646,1937.000000,1649350381.722441,0.000000,0.000000,1.000000,0.000000,0.000000,0.000000,0.000000,6.968755,24.755369,-0.292556
1649350381.823419,1938.000000,1649350381.822988,0.000000,0.000000,1.000000,0.000000,0.000000,0.000000,0.000000,6.969598,24.754229,-0.272680
1649350381.923876,1939.000000,1649350381.923504,0.000000,0.000000,1.000000,0.000000,0.000000,0.000000,0.000000,6.967018,24.756521,-0.277174
1649350382.022639,1940.000000,1649350382.022293,0.000000,0.000000,1.000000,0.000000,0.000000,0.000000,0.000000,6.959034,24.760954,-0.295364
1649350382.124984,1941.000000,1649350382.124266,0.000000,0.000000,1.000000,0.000000,0.000000,0.000000,0.000000,6.957966,24.763032,-0.280692
1649350382.223001,1942.000000,1649350382.222792,0.000000,0.000000,1.000000,0.000000,0.000000,0.000000,0.000000,6.961262,24.761782,-0.243373
1649350382.324515,1943.000000,1649350382.323692,0.000000,0.000000,1.000000,0.000000,0.000000,0.000000,0.000000,6.962137,24.763928,-0.239216
1649350382.422710,1944.000000,1649350382.422344,0.000000,0.000000,1.000000,0.000000,0.000000,0.000000,0.000000,6.958541,24.768185,-0.254785
1649350382.523218,1945.000000,1649350382.522769,0.000000,0.000000,1.000000,0.000000,0.000000,0.000000,0.000000,6.954004,24.773331,-0.284413
1649350382.622498,1946.000000,1649350382.622303,0.000000,0.000000,1.000000,0.000000,0.000000,0.000000,0.000000,6.945323,24.778210,-0.324248
1649350382.726288,1947.000000,1649350382.725209,0.000000,0.000000,1.000000,0.000000,0.000000,0.000000,0.000000,6.937115,24.783910,-0.373002
1649350382.822341,1948.000000,1649350382.822188,0.000000,0.000000,1.000000,0.000000,0.000000,0.000000,0.000000,6.933741,24.786008,-0.381036
1649350382.925307,1949.000000,1649350382.924173,0.000000,0.000000,1.000000,0.000000,0.000000,0.000000,0.000000,6.929496,24.787964,-0.387077
1649350383.022165,1950.000000,1649350383.022062,0.000000,0.000000,1.000000,0.000000,0.000000,0.000000,0.000000,6.928798,24.786512,-0.364585
1649350383.123279,1951.000000,1649350383.123006,0.000000,0.000000,1.000000,0.000000,0.000000,0.000000,0.000000,6.927094,24.788386,-0.368782
1649350383.222153,1952.000000,1649350383.222009,0.000000,0.000000,1.000000,0.000000,0.000000,0.000000,0.000000,6.923351,24.791219,-0.392135
1649350383.324038,1953.000000,1649350383.323423,0.000000,0.000000,1.000000,0.000000,0.000000,0.000000,0.000000,6.918778,24.796042,-0.429802
1649350383.422554,1954.000000,1649350383.422403,0.000000,0.000000,1.000000,0.000000,0.000000,0.000000,0.000000,6.913432,24.801643,-0.474692
1649350383.526830,1955.000000,1649350383.526130,0.000000,0.000000,1.000000,0.000000,0.000000,0.000000,0.000000,6.904098,24.809055,-0.519187
1649350383.624552,1956.000000,1649350383.623946,0.000000,0.000000,1.000000,0.000000,0.000000,0.000000,0.000000,6.903010,24.811618,-0.520492
1649350383.723815,1957.000000,1649350383.723434,0.000000,0.000000,1.000000,0.000000,0.000000,0.000000,0.000000,6.898814,24.816136,-0.532777
1649350383.822435,1958.000000,1649350383.822258,0.000000,0.000000,1.000000,0.000000,0.000000,0.000000,0.000000,6.894957,24.820311,-0.561235
1649350383.923827,1959.000000,1649350383.923459,0.000000,0.000000,1.000000,0.000000,0.000000,0.000000,0.000000,6.891427,24.824154,-0.575338
1649350384.023108,1960.000000,1649350384.022868,0.000000,0.000000,1.000000,0.000000,0.000000,0.000000,0.000000,6.888209,24.826588,-0.587751
1649350384.122563,1961.000000,1649350384.122288,0.000000,0.000000,1.000000,0.000000,0.000000,0.000000,0.000000,6.889652,24.825507,-0.563049
1649350384.222599,1962.000000,1649350384.222270,0.000000,0.000000,1.000000,0.000000,0.000000,0.000000,0.000000,6.886768,24.826564,-0.551978
1649350384.326225,1963.000000,1649350384.325794,0.000000,0.000000,1.000000,0.000000,0.000000,0.000000,0.000000,6.883065,24.829645,-0.560469
1649350384.424296,1964.000000,1649350384.423474,0.000000,0.000000,1.000000,0.000000,0.000000,0.000000,0.000000,6.881864,24.831365,-0.572409
1649350384.524417,1965.000000,1649350384.523494,0.000000,0.000000,1.000000,0.000000,0.000000,0.000000,0.000000,6.878664,24.833979,-0.594905
1649350384.622589,1966.000000,1649350384.622374,0.000000,0.000000,1.000000,0.000000,0.000000,0.000000,0.000000,6.873579,24.838527,-0.624279
1649350384.723212,1967.000000,1649350384.722843,0.000000,0.000000,1.000000,0.000000,0.000000,0.000000,0.000000,6.867809,24.842714,-0.652150
1649350384.822232,1968.000000,1649350384.822085,0.000000,0.000000,1.000000,0.000000,0.000000,0.000000,0.000000,6.869035,24.842191,-0.641450
1649350384.926066,1969.000000,1649350384.925149,0.000000,0.000000,1.000000,0.000000,0.000000,0.000000,0.000000,6.865961,24.843767,-0.642959
1649350385.022292,1970.000000,1649350385.022125,0.000000,0.000000,1.000000,0.000000,0.000000,0.000000,0.000000,6.865365,24.844057,-0.644098
1649350385.125347,1971.000000,1649350385.124815,0.000000,0.000000,1.000000,0.000000,0.000000,0.000000,0.000000,6.870379,24.842046,-0.607798
1649350385.222396,1972.000000,1649350385.222229,0.000000,0.000000,1.000000,0.000000,0.000000,0.000000,0.000000,6.878492,24.838963,-0.596125
1649350385.326058,1973.000000,1649350385.323808,0.000000,0.000000,1.000000,0.000000,0.000000,0.000000,0.000000,6.880781,24.839241,-0.604083
1649350385.422225,1974.000000,1649350385.422055,0.000000,0.000000,1.000000,0.000000,0.000000,0.000000,0.000000,6.887367,24.836160,-0.575231
1649350385.525416,1975.000000,1649350385.524508,0.000000,0.000000,1.000000,0.000000,0.000000,0.000000,0.000000,6.892537,24.833187,-0.559496
1649350385.622212,1976.000000,1649350385.622048,0.000000,0.000000,1.000000,0.000000,0.000000,0.000000,0.000000,6.896353,24.829239,-0.551544
1649350385.724098,1977.000000,1649350385.723755,0.000000,0.000000,1.000000,0.000000,0.000000,0.000000,0.000000,6.904325,24.823294,-0.516403
1649350385.822166,1978.000000,1649350385.822035,0.000000,0.000000,1.000000,0.000000,0.000000,0.000000,0.000000,6.909661,24.819843,-0.508456
1649350385.924391,1979.000000,1649350385.923557,0.000000,0.000000,1.000000,0.000000,0.000000,0.000000,0.000000,6.910307,24.819851,-0.518558
1649350386.023904,1980.000000,1649350386.022905,0.000000,0.000000,1.000000,0.000000,0.000000,0.000000,0.000000,6.911972,24.818769,-0.524191
1649350386.122452,1981.000000,1649350386.122265,0.000000,0.000000,1.000000,0.000000,0.000000,0.000000,0.000000,6.915686,24.817750,-0.531979
1649350386.222401,1982.000000,1649350386.222206,0.000000,0.000000,1.000000,0.000000,0.000000,0.000000,0.000000,6.922419,24.812431,-0.515209
1649350386.323890,1983.000000,1649350386.323158,0.000000,0.000000,1.000000,0.000000,0.000000,0.000000,0.000000,6.924356,24.809607,-0.511999
1649350386.422367,1984.000000,1649350386.422118,0.000000,0.000000,1.000000,0.000000,0.000000,0.000000,0.000000,6.930479,24.801515,-0.487938
1649350386.523020,1985.000000,1649350386.522542,0.000000,0.000000,1.000000,0.000000,0.000000,0.000000,0.000000,6.939454,24.795008,-0.435843
1649350386.622199,1986.000000,1649350386.621990,0.000000,0.000000,1.000000,0.000000,0.000000,0.000000,0.000000,6.950012,24.787838,-0.369834
1649350386.723214,1987.000000,1649350386.722712,0.000000,0.000000,1.000000,0.000000,0.000000,0.000000,0.000000,6.960950,24.781148,-0.288966
1649350386.823162,1988.000000,1649350386.822763,0.000000,0.000000,1.000000,0.000000,0.000000,0.000000,0.000000,6.963497,24.779290,-0.243159
1649350386.923784,1989.000000,1649350386.923050,0.000000,0.000000,1.000000,0.000000,0.000000,0.000000,0.000000,6.963563,24.777640,-0.205258
1649350387.022323,1990.000000,1649350387.022126,0.000000,0.000000,1.000000,0.000000,0.000000,0.000000,0.000000,6.967836,24.774003,-0.158860
1649350387.125340,1991.000000,1649350387.124584,0.000000,0.000000,1.000000,0.000000,0.000000,0.000000,0.000000,6.973900,24.770675,-0.147110
1649350387.222847,1992.000000,1649350387.222681,0.000000,0.000000,1.000000,0.000000,0.000000,0.000000,0.000000,6.971834,24.773094,-0.161351
1649350387.326402,1993.000000,1649350387.325452,0.000000,0.000000,1.000000,0.000000,0.000000,0.000000,0.000000,6.974092,24.772211,-0.139200
1649350387.424725,1994.000000,1649350387.424474,0.000000,0.000000,1.000000,0.000000,0.000000,0.000000,0.000000,6.972806,24.773654,-0.141818
1649350387.525948,1995.000000,1649350387.525251,0.000000,0.000000,1.000000,0.000000,0.000000,0.000000,0.000000,6.970364,24.775105,-0.143183
1649350387.624410,1996.000000,1649350387.624036,0.000000,0.000000,1.000000,0.000000,0.000000,0.000000,0.000000,6.963573,24.778736,-0.164290
1649350387.724442,1997.000000,1649350387.723564,0.000000,0.000000,1.000000,0.000000,0.000000,0.000000,0.000000,6.962511,24.777868,-0.157515
1649350387.824340,1998.000000,1649350387.823970,0.000000,0.000000,1.000000,0.000000,0.000000,0.000000,0.000000,6.965785,24.777109,-0.121558
1649350387.925176,1999.000000,1649350387.924445,0.000000,0.000000,1.000000,0.000000,0.000000,0.000000,0.000000,6.967701,24.776451,-0.101188
1649350388.024810,2000.000000,1649350388.024192,0.000000,0.000000,1.000000,0.000000,0.000000,0.000000,0.000000,6.965061,24.778067,-0.110309
1649350388.122762,2001.000000,1649350388.122579,0.000000,0.000000,1.000000,0.000000,0.000000,0.000000,0.000000,6.960308,24.780736,-0.136410
1649350388.223015,2002.000000,1649350388.222746,0.000000,0.000000,1.000000,0.000000,0.000000,0.000000,0.000000,6.960117,24.780027,-0.127936
1649350388.325074,2003.000000,1649350388.324135,0.000000,0.000000,1.000000,0.000000,0.000000,0.000000,0.000000,6.963155,24.778304,-0.095959
1649350388.424508,2004.000000,1649350388.424087,0.000000,0.000000,1.000000,0.000000,0.000000,0.000000,0.000000,6.960516,24.779988,-0.093885
1649350388.522508,2005.000000,1649350388.522271,0.000000,0.000000,1.000000,0.000000,0.000000,0.000000,0.000000,6.964515,24.781615,-0.118077
1649350388.622253,2006.000000,1649350388.622095,0.000000,0.000000,1.000000,0.000000,0.000000,0.000000,0.000000,6.962786,24.785361,-0.156129
1649350388.724882,2007.000000,1649350388.724040,0.000000,0.000000,1.000000,0.000000,0.000000,0.000000,0.000000,6.960012,24.790006,-0.196920
1649350388.822675,2008.000000,1649350388.822459,0.000000,0.000000,1.000000,0.000000,0.000000,0.000000,0.000000,6.956261,24.795487,-0.249132
1649350388.924084,2009.000000,1649350388.923702,0.000000,0.000000,1.000000,0.000000,0.000000,0.000000,0.000000,6.955962,24.795199,-0.267048
1649350389.022258,2010.000000,1649350389.022137,0.000000,0.000000,1.000000,0.000000,0.000000,0.000000,0.000000,6.958930,24.792728,-0.255243
1649350389.127608,2011.000000,1649350389.127052,0.000000,0.000000,1.000000,0.000000,0.000000,0.000000,0.000000,6.958435,24.791475,-0.254448
1649350389.223039,2012.000000,1649350389.222749,0.000000,0.000000,1.000000,0.000000,0.000000,0.000000,0.000000,6.960122,24.790285,-0.221479
1649350389.324005,2013.000000,1649350389.323201,0.000000,0.000000,1.000000,0.000000,0.000000,0.000000,0.000000,6.960597,24.790252,-0.210104
1649350389.422208,2014.000000,1649350389.422035,0.000000,0.000000,1.000000,0.000000,0.000000,0.000000,0.000000,6.964287,24.786949,-0.180759
1649350389.524817,2015.000000,1649350389.524046,0.000000,0.000000,1.000000,0.000000,0.000000,0.000000,0.000000,6.962285,24.788198,-0.183406
1649350389.624459,2016.000000,1649350389.623854,0.000000,0.000000,1.000000,0.000000,0.000000,0.000000,0.000000,6.958180,24.791566,-0.208680
1649350389.724809,2017.000000,1649350389.724138,0.000000,0.000000,1.000000,0.000000,0.000000,0.000000,0.000000,6.949921,24.795836,-0.231426
1649350389.824976,2018.000000,1649350389.824571,0.000000,0.000000,1.000000,0.000000,0.000000,0.000000,0.000000,6.939942,24.800946,-0.269445
1649350389.923012,2019.000000,1649350389.922570,0.000000,0.000000,1.000000,0.000000,0.000000,0.000000,0.000000,6.936000,24.801383,-0.272861
1649350390.022614,2020.000000,1649350390.022372,0.000000,0.000000,1.000000,0.000000,0.000000,0.000000,0.000000,6.936685,24.799582,-0.248707
1649350390.123251,2021.000000,1649350390.122817,0.000000,0.000000,1.000000,0.000000,0.000000,0.000000,0.000000,6.941741,24.794584,-0.210234
1649350390.223918,2022.000000,1649350390.223312,0.000000,0.000000,1.000000,0.000000,0.000000,0.000000,0.000000,6.940007,24.793122,-0.191147
1649350390.323754,2023.000000,1649350390.323395,0.000000,0.000000,1.000000,0.000000,0.000000,0.000000,0.000000,6.936219,24.792826,-0.182629
1649350390.424189,2024.000000,1649350390.423736,0.000000,0.000000,1.000000,0.000000,0.000000,0.000000,0.000000,6.932678,24.793636,-0.179425
1649350390.523325,2025.000000,1649350390.522621,0.000000,0.000000,1.000000,0.000000,0.000000,0.000000,0.000000,6.925020,24.797668,-0.198255
1649350390.622587,2026.000000,1649350390.622337,0.000000,0.000000,1.000000,0.000000,0.000000,0.000000,0.000000,6.920031,24.800374,-0.218033
1649350390.725677,2027.000000,1649350390.724965,0.000000,0.000000,1.000000,0.000000,0.000000,0.000000,0.000000,6.920849,24.799637,-0.209650
1649350390.822511,2028.000000,1649350390.822297,0.000000,0.000000,1.000000,0.000000,0.000000,0.000000,0.000000,6.924969,24.794558,-0.180706
1649350390.925220,2029.000000,1649350390.924783,0.000000,0.000000,1.000000,0.000000,0.000000,0.000000,0.000000,6.924562,24.794114,-0.177236
1649350391.022472,2030.000000,1649350391.022227,0.000000,0.000000,1.000000,0.000000,0.000000,0.000000,0.000000,6.927505,24.791512,-0.149021
1649350391.125144,2031.000000,1649350391.124331,0.000000,0.000000,1.000000,0.000000,0.000000,0.000000,0.000000,6.934693,24.786878,-0.110006
1649350391.222450,2032.000000,1649350391.222222,0.000000,0.000000,1.000000,0.000000,0.000000,0.000000,0.000000,6.938237,24.783607,-0.089716
1649350391.326200,2033.000000,1649350391.325735,0.000000,0.000000,1.000000,0.000000,0.000000,0.000000,0.000000,6.945956,24.777273,-0.055971
1649350391.422455,2034.000000,1649350391.422257,0.000000,0.000000,1.000000,0.000000,0.000000,0.000000,0.000000,6.948874,24.775694,-0.055328
1649350391.525452,2035.000000,1649350391.524962,0.000000,0.000000,1.000000,0.000000,0.000000,0.000000,0.000000,6.948337,24.777522,-0.080796
1649350391.623340,2036.000000,1649350391.622783,0.000000,0.000000,1.000000,0.000000,0.000000,0.000000,0.000000,6.940172,24.782564,-0.119172
1649350391.725242,2037.000000,1649350391.724579,0.000000,0.000000,1.000000,0.000000,0.000000,0.000000,0.000000,6.937909,24.784083,-0.123893
1649350391.822688,2038.000000,1649350391.822416,0.000000,0.000000,1.000000,0.000000,0.000000,0.000000,0.000000,6.934689,24.786627,-0.149526
1649350391.924364,2039.000000,1649350391.924029,0.000000,0.000000,1.000000,0.000000,0.000000,0.000000,0.000000,6.927303,24.791221,-0.183084
1649350392.022348,2040.000000,1649350392.022204,0.000000,0.000000,1.000000,0.000000,0.000000,0.000000,0.000000,6.926904,24.791197,-0.187089
1649350392.123768,2041.000000,1649350392.123093,0.000000,0.000000,1.000000,0.000000,0.000000,0.000000,0.000000,6.927659,24.788988,-0.192563
1649350392.224805,2042.000000,1649350392.223969,0.000000,0.000000,1.000000,0.000000,0.000000,0.000000,0.000000,6.922957,24.790171,-0.214760
1649350392.324331,2043.000000,1649350392.323753,0.000000,0.000000,1.000000,0.000000,0.000000,0.000000,0.000000,6.925103,24.788015,-0.204580
1649350392.425096,2044.000000,1649350392.424326,0.000000,0.000000,1.000000,0.000000,0.000000,0.000000,0.000000,6.921719,24.789253,-0.218993
1649350392.524025,2045.000000,1649350392.523198,0.000000,0.000000,1.000000,0.000000,0.000000,0.000000,0.000000,6.916387,24.793694,-0.251337
1649350392.622523,2046.000000,1649350392.622369,0.000000,0.000000,1.000000,0.000000,0.000000,0.000000,0.000000,6.912498,24.796789,-0.282289
1649350392.724174,2047.000000,1649350392.723570,0.000000,0.000000,1.000000,0.000000,0.000000,0.000000,0.000000,6.914343,24.795331,-0.288469
1649350392.823244,2048.000000,1649350392.822493,0.000000,0.000000,1.000000,0.000000,0.000000,0.000000,0.000000,6.912878,24.796117,-0.309580
1649350392.925749,2049.000000,1649350392.924892,0.000000,0.000000,1.000000,0.000000,0.000000,0.000000,0.000000,6.917005,24.794660,-0.299022
1649350393.023404,2050.000000,1649350393.023072,0.000000,0.000000,1.000000,0.000000,0.000000,0.000000,0.000000,6.918773,24.794361,-0.296808
1649350393.125507,2051.000000,1649350393.124299,0.000000,0.000000,1.000000,0.000000,0.000000,0.000000,0.000000,6.919391,24.794066,-0.306642
1649350393.223207,2052.000000,1649350393.222789,0.000000,0.000000,1.000000,0.000000,0.000000,0.000000,0.000000,6.914557,24.795959,-0.321577
1649350393.327527,2053.000000,1649350393.327032,0.000000,0.000000,1.000000,0.000000,0.000000,0.000000,0.000000,6.906761,24.801005,-0.348646
1649350393.422595,2054.000000,1649350393.422336,0.000000,0.000000,1.000000,0.000000,0.000000,0.000000,0.000000,6.901638,24.804656,-0.389741
1649350393.525335,2055.000000,1649350393.524402,0.000000,0.000000,1.000000,0.000000,0.000000,0.000000,0.000000,6.895785,24.809159,-0.436171
1649350393.622742,2056.000000,1649350393.622300,0.000000,0.000000,1.000000,0.000000,0.000000,0.000000,0.000000,6.894706,24.812274,-0.481201
1649350393.723399,2057.000000,1649350393.722965,0.000000,0.000000,1.000000,0.000000,0.000000,0.000000,0.000000,6.891598,24.817342,-0.533697
1649350393.822534,2058.000000,1649350393.822337,0.000000,0.000000,1.000000,0.000000,0.000000,0.000000,0.000000,6.884394,24.823153,-0.582801
1649350393.924906,2059.000000,1649350393.923955,0.000000,0.000000,1.000000,0.000000,0.000000,0.000000,0.000000,6.874425,24.829653,-0.623749
1649350394.022303,2060.000000,1649350394.022100,0.000000,0.000000,1.000000,0.000000,0.000000,0.000000,0.000000,6.868408,24.833517,-0.654402
1649350394.125711,2061.000000,1649350394.124899,0.000000,0.000000,1.000000,0.000000,0.000000,0.000000,0.000000,6.869412,24.835973,-0.638050
1649350394.222881,2062.000000,1649350394.222555,0.000000,0.000000,1.000000,0.000000,0.000000,0.000000,0.000000,6.866137,24.839278,-0.636319
1649350394.323983,2063.000000,1649350394.323056,0.000000,0.000000,1.000000,0.000000,0.000000,0.000000,0.000000,6.863180,24.841198,-0.636550
1649350394.423198,2064.000000,1649350394.422903,0.000000,0.000000,1.000000,0.000000,0.000000,0.000000,0.000000,6.862706,24.842902,-0.641911
1649350394.523849,2065.000000,1649350394.523381,0.000000,0.000000,1.000000,0.000000,0.000000,0.000000,0.000000,6.862393,24.843312,-0.650593
1649350394.622252,2066.000000,1649350394.622093,0.000000,0.000000,1.000000,0.000000,0.000000,0.000000,0.000000,6.860044,24.843593,-0.671342
1649350394.724757,2067.000000,1649350394.724026,0.000000,0.000000,1.000000,0.000000,0.000000,0.000000,0.000000,6.862313,24.840487,-0.656074
1649350394.824002,2068.000000,1649350394.823386,0.000000,0.000000,1.000000,0.000000,0.000000,0.000000,0.000000,6.864571,24.837464,-0.658707
1649350394.926522,2069.000000,1649350394.925949,0.000000,0.000000,1.000000,0.000000,0.000000,0.000000,0.000000,6.867896,24.834536,-0.665633
1649350395.022308,2070.000000,1649350395.022114,0.000000,0.000000,1.000000,0.000000,0.000000,0.000000,0.000000,6.867853,24.833890,-0.679909
1649350395.122944,2071.000000,1649350395.122719,0.000000,0.000000,1.000000,0.000000,0.000000,0.000000,0.000000,6.864619,24.835408,-0.698010
1649350395.222219,2072.000000,1649350395.222072,0.000000,0.000000,1.000000,0.000000,0.000000,0.000000,0.000000,6.861647,24.834609,-0.718154
1649350395.324647,2073.000000,1649350395.324171,0.000000,0.000000,1.000000,0.000000,0.000000,0.000000,0.000000,6.861105,24.833805,-0.732180
1649350395.422644,2074.000000,1649350395.422476,0.000000,0.000000,1.000000,0.000000,0.000000,0.000000,0.000000,6.866131,24.830820,-0.704846
1649350395.524684,2075.000000,1649350395.524269,0.000000,0.000000,1.000000,0.000000,0.000000,0.000000,0.000000,6.875309,24.825787,-0.655628
1649350395.623664,2076.000000,1649350395.623183,0.000000,0.000000,1.000000,0.000000,0.000000,0.000000,0.000000,6.885110,24.822105,-0.630670
1649350395.726384,2077.000000,1649350395.725351,0.000000,0.000000,1.000000,0.000000,0.000000,0.000000,0.000000,6.890015,24.819712,-0.610500
1649350395.823179,2078.000000,1649350395.822960,0.000000,0.000000,1.000000,0.000000,0.000000,0.000000,0.000000,6.894636,24.817457,-0.599003
1649350395.925760,2079.000000,1649350395.924862,0.000000,0.000000,1.000000,0.000000,0.000000,0.000000,0.000000,6.894615,24.818608,-0.602308
1649350396.024704,2080.000000,1649350396.024189,0.000000,0.000000,1.000000,0.000000,0.000000,0.000000,0.000000,6.900019,24.815344,-0.582725
1649350396.122674,2081.000000,1649350396.122437,0.000000,0.000000,1.000000,0.000000,0.000000,0.000000,0.000000,6.910537,24.809006,-0.539602
1649350396.222559,2082.000000,1649350396.222168,0.000000,0.000000,1.000000,0.000000,0.000000,0.000000,0.000000,6.918227,24.803050,-0.515097
1649350396.323615,2083.000000,1649350396.323066,0.000000,0.000000,1.000000,0.000000,0.000000,0.000000,0.000000,6.925405,24.798563,-0.509310
1649350396.422742,2084.000000,1649350396.422487,0.000000,0.000000,1.000000,0.000000,0.000000,0.000000,0.000000,6.923358,24.798747,-0.518272
1649350396.523446,2085.000000,1649350396.522996,0.000000,0.000000,1.000000,0.000000,0.000000,0.000000,0.000000,6.919143,24.801163,-0.538145
1649350396.622804,2086.000000,1649350396.622569,0.000000,0.000000,1.000000,0.000000,0.000000,0.000000,0.000000,6.911807,24.804587,-0.561200
1649350396.726156,2087.000000,1649350396.725499,0.000000,0.000000,1.000000,0.000000,0.000000,0.000000,0.000000,6.904820,24.810041,-0.594530
1649350396.823991,2088.000000,1649350396.823269,0.000000,0.000000,1.000000,0.000000,0.000000,0.000000,0.000000,6.904729,24.810854,-0.588474
1649350396.922766,2089.000000,1649350396.922554,0.000000,0.000000,1.000000,0.000000,0.000000,0.000000,0.000000,6.902437,24.812726,-0.598667
1649350397.025331,2090.000000,1649350397.024657,0.000000,0.000000,1.000000,0.000000,0.000000,0.000000,0.000000,6.901344,24.813412,-0.609927
1649350397.125035,2091.000000,1649350397.124192,0.000000,0.000000,1.000000,0.000000,0.000000,0.000000,0.000000,6.905751,24.812974,-0.581068
1649350397.222762,2092.000000,1649350397.222421,0.000000,0.000000,1.000000,0.000000,0.000000,0.000000,0.000000,6.908802,24.814746,-0.577472
1649350397.325912,2093.000000,1649350397.325248,0.000000,0.000000,1.000000,0.000000,0.000000,0.000000,0.000000,6.916016,24.810969,-0.557808
1649350397.423854,2094.000000,1649350397.423289,0.000000,0.000000,1.000000,0.000000,0.000000,0.000000,0.000000,6.924964,24.806318,-0.508244
1649350397.524872,2095.000000,1649350397.524248,0.000000,0.000000,1.000000,0.000000,0.000000,0.000000,0.000000,6.927893,24.805218,-0.484912
1649350397.623872,2096.000000,1649350397.623410,0.000000,0.000000,1.000000,0.000000,0.000000,0.000000,0.000000,6.928398,24.806385,-0.483564
1649350397.724168,2097.000000,1649350397.723594,0.000000,0.000000,1.000000,0.000000,0.000000,0.000000,0.000000,6.928796,24.806420,-0.479121
1649350397.823771,2098.000000,1649350397.823426,0.000000,0.000000,1.000000,0.000000,0.000000,0.000000,0.000000,6.923643,24.809745,-0.483809
1649350397.924295,2099.000000,1649350397.923800,0.000000,0.000000,1.000000,0.000000,0.000000,0.000000,0.000000,6.916533,24.812898,-0.506119
1649350398.024214,2100.000000,1649350398.023312,0.000000,0.000000,1.000000,0.000000,0.000000,0.000000,0.000000,6.908689,24.816968,-0.537235
1649350398.125974,2101.000000,1649350398.124927,0.000000,0.000000,1.000000,0.000000,0.000000,0.000000,0.000000,6.903450,24.818621,-0.551750
1649350398.222858,2102.000000,1649350398.222649,0.000000,0.000000,1.000000,0.000000,0.000000,0.000000,0.000000,6.896327,24.821256,-0.575308
1649350398.330667,2103.000000,1649350398.330068,0.000000,0.000000,1.000000,0.000000,0.000000,0.000000,0.000000,6.888536,24.825903,-0.604281
1649350398.422350,2104.000000,1649350398.422184,0.000000,0.000000,1.000000,0.000000,0.000000,0.000000,0.000000,6.883408,24.830257,-0.640824
1649350398.523210,2105.000000,1649350398.522663,0.000000,0.000000,1.000000,0.000000,0.000000,0.000000,0.000000,6.884080,24.829962,-0.635384
1649350398.622498,2106.000000,1649350398.622301,0.000000,0.000000,1.000000,0.000000,0.000000,0.000000,0.000000,6.880417,24.831818,-0.640475
1649350398.723259,2107.000000,1649350398.722849,0.000000,0.000000,1.000000,0.000000,0.000000,0.000000,0.000000,6.878116,24.833522,-0.637123
1649350398.822425,2108.000000,1649350398.822174,0.000000,0.000000,1.000000,0.000000,0.000000,0.000000,0.000000,6.880376,24.830720,-0.606326
1649350398.923966,2109.000000,1649350398.923366,0.000000,0.000000,1.000000,0.000000,0.000000,0.000000,0.000000,6.888028,24.825850,-0.544412
1649350399.023409,2110.000000,1649350399.023026,0.000000,0.000000,1.000000,0.000000,0.000000,0.000000,0.000000,6.889847,24.824493,-0.505969
1649350399.123483,2111.000000,1649350399.123279,0.000000,0.000000,1.000000,0.000000,0.000000,0.000000,0.000000,6.895955,24.819921,-0.450599
1649350399.222312,2112.000000,1649350399.222066,0.000000,0.000000,1.000000,0.000000,0.000000,0.000000,0.000000,6.896286,24.816688,-0.408916
1649350399.324632,2113.000000,1649350399.324106,0.000000,0.000000,1.000000,0.000000,0.000000,0.000000,0.000000,6.893333,24.818000,-0.397366
1649350399.422625,2114.000000,1649350399.422308,0.000000,0.000000,1.000000,0.000000,0.000000,0.000000,0.000000,6.887284,24.820336,-0.401841
1649350399.526415,2115.000000,1649350399.525592,0.000000,0.000000,1.000000,0.000000,0.000000,0.000000,0.000000,6.880506,24.822540,-0.420873
1649350399.622584,2116.000000,1649350399.622332,0.000000,0.000000,1.000000,0.000000,0.000000,0.000000,0.000000,6.875241,24.824614,-0.449800
1649350399.725814,2117.000000,1649350399.724903,0.000000,0.000000,1.000000,0.000000,0.000000,0.000000,0.000000,6.867056,24.828739,-0.480908
1649350399.822129,2118.000000,1649350399.821958,0.000000,0.000000,1.000000,0.000000,0.000000,0.000000,0.000000,6.868128,24.827160,-0.480182
1649350399.923288,2119.000000,1649350399.922854,0.000000,0.000000,1.000000,0.000000,0.000000,0.000000,0.000000,6.867040,24.827825,-0.497289
1649350400.022231,2120.000000,1649350400.022065,0.000000,0.000000,1.000000,0.000000,0.000000,0.000000,0.000000,6.871541,24.826251,-0.478254
1649350400.125065,2121.000000,1649350400.124367,0.000000,0.000000,1.000000,0.000000,0.000000,0.000000,0.000000,6.876946,24.823655,-0.466500
1649350400.225724,2122.000000,1649350400.224876,0.000000,0.000000,1.000000,0.000000,0.000000,0.000000,0.000000,6.886458,24.817923,-0.428686
1649350400.324941,2123.000000,1649350400.324428,0.000000,0.000000,1.000000,0.000000,0.000000,0.000000,0.000000,6.893277,24.814695,-0.420761
1649350400.423830,2124.000000,1649350400.422977,0.000000,0.000000,1.000000,0.000000,0.000000,0.000000,0.000000,6.904072,24.808393,-0.385078
1649350400.525076,2125.000000,1649350400.524180,0.000000,0.000000,1.000000,0.000000,0.000000,0.000000,0.000000,6.918591,24.800292,-0.336519
1649350400.622208,2126.000000,1649350400.622075,0.000000,0.000000,1.000000,0.000000,0.000000,0.000000,0.000000,6.923506,24.795966,-0.316805
1649350400.723801,2127.000000,1649350400.723022,0.000000,0.000000,1.000000,0.000000,0.000000,0.000000,0.000000,6.932412,24.788678,-0.281248
1649350400.822275,2128.000000,1649350400.822082,0.000000,0.000000,1.000000,0.000000,0.000000,0.000000,0.000000,6.935258,24.785149,-0.274083
1649350400.925021,2129.000000,1649350400.924395,0.000000,0.000000,1.000000,0.000000,0.000000,0.000000,0.000000,6.936734,24.783000,-0.270775
1649350401.022781,2130.000000,1649350401.022470,0.000000,0.000000,1.000000,0.000000,0.000000,0.000000,0.000000,6.933644,24.784337,-0.283258
1649350401.123822,2131.000000,1649350401.123329,0.000000,0.000000,1.000000,0.000000,0.000000,0.000000,0.000000,6.934978,24.784600,-0.260052
1649350401.223978,2132.000000,1649350401.223450,0.000000,0.000000,1.000000,0.000000,0.000000,0.000000,0.000000,6.935045,24.787112,-0.263108
1649350401.326306,2133.000000,1649350401.325797,0.000000,0.000000,1.000000,0.000000,0.000000,0.000000,0.000000,6.931739,24.790647,-0.269573
1649350401.422198,2134.000000,1649350401.422080,0.000000,0.000000,1.000000,0.000000,0.000000,0.000000,0.000000,6.926350,24.796225,-0.279286
1649350401.523792,2135.000000,1649350401.523312,0.000000,0.000000,1.000000,0.000000,0.000000,0.000000,0.000000,6.920104,24.802624,-0.307411
1649350401.622625,2136.000000,1649350401.622428,0.000000,0.000000,1.000000,0.000000,0.000000,0.000000,0.000000,6.913070,24.808686,-0.329760
1649350401.723655,2137.000000,1649350401.723042,0.000000,0.000000,1.000000,0.000000,0.000000,0.000000,0.000000,6.906406,24.816591,-0.366681
1649350401.822940,2138.000000,1649350401.822746,0.000000,0.000000,1.000000,0.000000,0.000000,0.000000,0.000000,6.895752,24.825123,-0.404614
1649350401.923914,2139.000000,1649350401.923414,0.000000,0.000000,1.000000,0.000000,0.000000,0.000000,0.000000,6.893353,24.828771,-0.401516
1649350402.022780,2140.000000,1649350402.022444,0.000000,0.000000,1.000000,0.000000,0.000000,0.000000,0.000000,6.890041,24.832156,-0.399367
1649350402.122524,2141.000000,1649350402.122363,0.000000,0.000000,1.000000,0.000000,0.000000,0.000000,0.000000,6.893507,24.832012,-0.399746
1649350402.223723,2142.000000,1649350402.223158,0.000000,0.000000,1.000000,0.000000,0.000000,0.000000,0.000000,6.891372,24.835080,-0.409806
1649350402.323036,2143.000000,1649350402.322717,0.000000,0.000000,1.000000,0.000000,0.000000,0.000000,0.000000,6.894851,24.833545,-0.384784
1649350402.423645,2144.000000,1649350402.423048,0.000000,0.000000,1.000000,0.000000,0.000000,0.000000,0.000000,6.897081,24.834211,-0.384202
1649350402.524384,2145.000000,1649350402.523582,0.000000,0.000000,1.000000,0.000000,0.000000,0.000000,0.000000,6.897031,24.835868,-0.398203
1649350402.622408,2146.000000,1649350402.622181,0.000000,0.000000,1.000000,0.000000,0.000000,0.000000,0.000000,6.895915,24.839551,-0.429400
1649350402.725045,2147.000000,1649350402.724464,0.000000,0.000000,1.000000,0.000000,0.000000,0.000000,0.000000,6.892703,24.841870,-0.460109
1649350402.823820,2148.000000,1649350402.823013,0.000000,0.000000,1.000000,0.000000,0.000000,0.000000,0.000000,6.886427,24.845078,-0.496752
1649350402.924804,2149.000000,1649350402.924283,0.000000,0.000000,1.000000,0.000000,0.000000,0.000000,0.000000,6.887085,24.842579,-0.498708
1649350403.023151,2150.000000,1649350403.022655,0.000000,0.000000,1.000000,0.000000,0.000000,0.000000,0.000000,6.885572,24.842328,-0.516573
1649350403.123665,2151.000000,1649350403.123123,0.000000,0.000000,1.000000,0.000000,0.000000,0.000000,0.000000,6.884189,24.843116,-0.544841
1649350403.223318,2152.000000,1649350403.223013,0.000000,0.000000,1.000000,0.000000,0.000000,0.000000,0.000000,6.884021,24.842709,-0.562084
1649350403.324776,2153.000000,1649350403.323598,0.000000,0.000000,1.000000,0.000000,0.000000,0.000000,0.000000,6.888270,24.838995,-0.542114
1649350403.423373,2154.000000,1649350403.423005,0.000000,0.000000,1.000000,0.000000,0.000000,0.000000,0.000000,6.896681,24.833260,-0.499377
1649350403.523414,2155.000000,1649350403.523080,0.000000,0.000000,1.000000,0.000000,0.000000,0.000000,0.000000,6.901364,24.829996,-0.475194
1649350403.623788,2156.000000,1649350403.623360,0.000000,0.000000,1.000000,0.000000,0.000000,0.000000,0.000000,6.902509,24.827990,-0.466443
1649350403.725298,2157.000000,1649350403.724507,0.000000,0.000000,1.000000,0.000000,0.000000,0.000000,0.000000,6.900304,24.828270,-0.474131
1649350403.822640,2158.000000,1649350403.822396,0.000000,0.000000,1.000000,0.000000,0.000000,0.000000,0.000000,6.893851,24.830711,-0.482264
1649350403.925159,2159.000000,1649350403.924363,0.000000,0.000000,1.000000,0.000000,0.000000,0.000000,0.000000,6.885582,24.833007,-0.494842
1649350404.023434,2160.000000,1649350404.023091,0.000000,0.000000,1.000000,0.000000,0.000000,0.000000,0.000000,6.876712,24.836250,-0.512476
1649350404.122273,2161.000000,1649350404.122127,0.000000,0.000000,1.000000,0.000000,0.000000,0.000000,0.000000,6.876021,24.833837,-0.498644
1649350404.224998,2162.000000,1649350404.224466,0.000000,0.000000,1.000000,0.000000,0.000000,0.000000,0.000000,6.879793,24.828266,-0.456256
1649350404.325377,2163.000000,1649350404.324442,0.000000,0.000000,1.000000,0.000000,0.000000,0.000000,0.000000,6.879044,24.826270,-0.445409
1649350404.422448,2164.000000,1649350404.422196,0.000000,0.000000,1.000000,0.000000,0.000000,0.000000,0.000000,6.882745,24.823298,-0.405173
1649350404.524182,2165.000000,1649350404.523588,0.000000,0.000000,1.000000,0.000000,0.000000,0.000000,0.000000,6.885186,24.820505,-0.379542
1649350404.622811,2166.000000,1649350404.622501,0.000000,0.000000,1.000000,0.000000,0.000000,0.000000,0.000000,6.886427,24.818977,-0.364741
1649350404.723350,2167.000000,1649350404.722936,0.000000,0.000000,1.000000,0.000000,0.000000,0.000000,0.000000,6.887618,24.818649,-0.372452
1649350404.823340,2168.000000,1649350404.822783,0.000000,0.000000,1.000000,0.000000,0.000000,0.000000,0.000000,6.887667,24.819457,-0.398521
1649350404.925880,2169.000000,1649350404.924965,0.000000,0.000000,1.000000,0.000000,0.000000,0.000000,0.000000,6.884454,24.821332,-0.434903
1649350405.024219,2170.000000,1649350405.023548,0.000000,0.000000,1.000000,0.000000,0.000000,0.000000,0.000000,6.880347,24.825302,-0.477083
1649350405.123872,2171.000000,1649350405.123337,0.000000,0.000000,1.000000,0.000000,0.000000,0.000000,0.000000,6.874316,24.831238,-0.519112
1649350405.224255,2172.000000,1649350405.223761,0.000000,0.000000,1.000000,0.000000,0.000000,0.000000,0.000000,6.875206,24.831381,-0.518991
1649350405.324181,2173.000000,1649350405.323211,0.000000,0.000000,1.000000,0.000000,0.000000,0.000000,0.000000,6.873911,24.832591,-0.529231
1649350405.423623,2174.000000,1649350405.423151,0.000000,0.000000,1.000000,0.000000,0.000000,0.000000,0.000000,6.868372,24.834806,-0.549404
1649350405.524842,2175.000000,1649350405.524041,0.000000,0.000000,1.000000,0.000000,0.000000,0.000000,0.000000,6.864285,24.837965,-0.569402
1649350405.624425,2176.000000,1649350405.623982,0.000000,0.000000,1.000000,0.000000,0.000000,0.000000,0.000000,6.860491,24.840918,-0.599690
1649350405.723934,2177.000000,1649350405.723505,0.000000,0.000000,1.000000,0.000000,0.000000,0.000000,0.000000,6.853711,24.843670,-0.630132
1649350405.826164,2178.000000,1649350405.825419,0.000000,0.000000,1.000000,0.000000,0.000000,0.000000,0.000000,6.848485,24.847314,-0.667133
1649350405.925011,2179.000000,1649350405.923972,0.000000,0.000000,1.000000,0.000000,0.000000,0.000000,0.000000,6.850192,24.846343,-0.657957
1649350406.022511,2180.000000,1649350406.022325,0.000000,0.000000,1.000000,0.000000,0.000000,0.000000,0.000000,6.849720,24.847555,-0.664172
1649350406.125015,2181.000000,1649350406.124420,0.000000,0.000000,1.000000,0.000000,0.000000,0.000000,0.000000,6.854816,24.845379,-0.630322
1649350406.223999,2182.000000,1649350406.223442,0.000000,0.000000,1.000000,0.000000,0.000000,0.000000,0.000000,6.864065,24.842191,-0.618576
1649350406.324278,2183.000000,1649350406.323683,0.000000,0.000000,1.000000,0.000000,0.000000,0.000000,0.000000,6.868485,24.841328,-0.624845
1649350406.422464,2184.000000,1649350406.422246,0.000000,0.000000,1.000000,0.000000,0.000000,0.000000,0.000000,6.869413,24.841579,-0.637918
1649350406.526481,2185.000000,1649350406.525897,0.000000,0.000000,1.000000,0.000000,0.000000,0.000000,0.000000,6.871397,24.841792,-0.660733
1649350406.623118,2186.000000,1649350406.622931,0.000000,0.000000,1.000000,0.000000,0.000000,0.000000,0.000000,6.872191,24.839790,-0.672707
1649350406.724804,2187.000000,1649350406.723974,0.000000,0.000000,1.000000,0.000000,0.000000,0.000000,0.000000,6.880580,24.836791,-0.687975
1649350406.822432,2188.000000,1649350406.822261,0.000000,0.000000,1.000000,0.000000,0.000000,0.000000,0.000000,6.887402,24.833951,-0.714454
1649350406.924503,2189.000000,1649350406.923975,0.000000,0.000000,1.000000,0.000000,0.000000,0.000000,0.000000,6.892719,24.833450,-0.749240
1649350407.024177,2190.000000,1649350407.023330,0.000000,0.000000,1.000000,0.000000,0.000000,0.000000,0.000000,6.902054,24.829712,-0.731468
1649350407.124668,2191.000000,1649350407.123852,0.000000,0.000000,1.000000,0.000000,0.000000,0.000000,0.000000,6.905346,24.827284,-0.716526
1649350407.222681,2192.000000,1649350407.222425,0.000000,0.000000,1.000000,0.000000,0.000000,0.000000,0.000000,6.904009,24.827193,-0.718855
1649350407.325158,2193.000000,1649350407.324477,0.000000,0.000000,1.000000,0.000000,0.000000,0.000000,0.000000,6.904849,24.826039,-0.727282
1649350407.422256,2194.000000,1649350407.422081,0.000000,0.000000,1.000000,0.000000,0.000000,0.000000,0.000000,6.900114,24.827154,-0.743171
1649350407.524331,2195.000000,1649350407.523444,0.000000,0.000000,1.000000,0.000000,0.000000,0.000000,0.000000,6.895580,24.829318,-0.768625
1649350407.623511,2196.000000,1649350407.623100,0.000000,0.000000,1.000000,0.000000,0.000000,0.000000,0.000000,6.898886,24.829196,-0.750001
1649350407.724745,2197.000000,1649350407.724100,0.000000,0.000000,1.000000,0.000000,0.000000,0.000000,0.000000,6.905236,24.825821,-0.693958
1649350407.822273,2198.000000,1649350407.822098,0.000000,0.000000,1.000000,0.000000,0.000000,0.000000,0.000000,6.907904,24.823742,-0.647273
1649350407.922557,2199.000000,1649350407.922383,0.000000,0.000000,1.000000,0.000000,0.000000,0.000000,0.000000,6.913629,24.817442,-0.587073
1649350408.022290,2200.000000,1649350408.021923,0.000000,0.000000,1.000000,0.000000,0.000000,0.000000,0.000000,6.923319,24.809349,-0.517234
1649350408.123921,2201.000000,1649350408.123123,0.000000,0.000000,1.000000,0.000000,0.000000,0.000000,0.000000,6.935644,24.797404,-0.450358
1649350408.224537,2202.000000,1649350408.223929,0.000000,0.000000,1.000000,0.000000,0.000000,0.000000,0.000000,6.950427,24.787301,-0.372724
1649350408.322255,2203.000000,1649350408.322043,0.000000,0.000000,1.000000,0.000000,0.000000,0.000000,0.000000,6.964224,24.775696,-0.290531
1649350408.422283,2204.000000,1649350408.422090,0.000000,0.000000,1.000000,0.000000,0.000000,0.000000,0.000000,6.973786,24.767061,-0.242797
1649350408.522497,2205.000000,1649350408.522259,0.000000,0.000000,1.000000,0.000000,0.000000,0.000000,0.000000,6.977144,24.762342,-0.228192
1649350408.622318,2206.000000,1649350408.622120,0.000000,0.000000,1.000000,0.000000,0.000000,0.000000,0.000000,6.974639,24.761331,-0.234092
1649350408.723066,2207.000000,1649350408.722718,0.000000,0.000000,1.000000,0.000000,0.000000,0.000000,0.000000,6.972063,24.763820,-0.260443
1649350408.823964,2208.000000,1649350408.823509,0.000000,0.000000,1.000000,0.000000,0.000000,0.000000,0.000000,6.972712,24.761965,-0.253935
1649350408.924385,2209.000000,1649350408.923748,0.000000,0.000000,1.000000,0.000000,0.000000,0.000000,0.000000,6.969876,24.762545,-0.263464
1649350409.024935,2210.000000,1649350409.024309,0.000000,0.000000,1.000000,0.000000,0.000000,0.000000,0.000000,6.963764,24.766505,-0.287543
1649350409.124542,2211.000000,1649350409.124026,0.000000,0.000000,1.000000,0.000000,0.000000,0.000000,0.000000,6.962216,24.764918,-0.285204
1649350409.223926,2212.000000,1649350409.223138,0.000000,0.000000,1.000000,0.000000,0.000000,0.000000,0.000000,6.964995,24.761355,-0.251049
1649350409.325283,2213.000000,1649350409.324104,0.000000,0.000000,1.000000,0.000000,0.000000,0.000000,0.000000,6.964232,24.761381,-0.244469
1649350409.421528,2214.000000,1649350409.421302,0.000000,0.000000,1.000000,0.000000,0.000000,0.000000,0.000000,6.963399,24.761521,-0.238539
1649350409.523385,2215.000000,1649350409.522893,0.000000,0.000000,1.000000,0.000000,0.000000,0.000000,0.000000,6.965782,24.758490,-0.200970
1649350409.622274,2216.000000,1649350409.622137,0.000000,0.000000,1.000000,0.000000,0.000000,0.000000,0.000000,6.966840,24.756827,-0.184698
1649350409.722475,2217.000000,1649350409.722231,0.000000,0.000000,1.000000,0.000000,0.000000,0.000000,0.000000,6.966650,24.756456,-0.175970
1649350409.822657,2218.000000,1649350409.822500,0.000000,0.000000,1.000000,0.000000,0.000000,0.000000,0.000000,6.969647,24.756211,-0.134963
1649350409.923252,2219.000000,1649350409.922839,0.000000,0.000000,1.000000,0.000000,0.000000,0.000000,0.000000,6.974563,24.754988,-0.075932
1649350410.023214,2220.000000,1649350410.022888,0.000000,0.000000,1.000000,0.000000,0.000000,0.000000,0.000000,6.971470,24.758292,-0.054523
1649350410.124213,2221.000000,1649350410.123541,0.000000,0.000000,1.000000,0.000000,0.000000,0.000000,0.000000,6.966273,24.763679,-0.058747
1649350410.222456,2222.000000,1649350410.222217,0.000000,0.000000,1.000000,0.000000,0.000000,0.000000,0.000000,6.960198,24.766653,-0.068185
1649350410.324483,2223.000000,1649350410.323854,0.000000,0.000000,1.000000,0.000000,0.000000,0.000000,0.000000,6.952226,24.772783,-0.098718
1649350410.422433,2224.000000,1649350410.422209,0.000000,0.000000,1.000000,0.000000,0.000000,0.000000,0.000000,6.950121,24.773152,-0.104260
1649350410.522254,2225.000000,1649350410.522103,0.000000,0.000000,1.000000,0.000000,0.000000,0.000000,0.000000,6.954660,24.773525,-0.115630
1649350410.623155,2226.000000,1649350410.622696,0.000000,0.000000,1.000000,0.000000,0.000000,0.000000,0.000000,6.954566,24.777169,-0.145460
1649350410.723525,2227.000000,1649350410.723126,0.000000,0.000000,1.000000,0.000000,0.000000,0.000000,0.000000,6.958815,24.776260,-0.147778
1649350410.823446,2228.000000,1649350410.822927,0.000000,0.000000,1.000000,0.000000,0.000000,0.000000,0.000000,6.958435,24.777592,-0.172870
1649350410.926533,2229.000000,1649350410.925659,0.000000,0.000000,1.000000,0.000000,0.000000,0.000000,0.000000,6.958043,24.778857,-0.208474
1649350411.022761,2230.000000,1649350411.022469,0.000000,0.000000,1.000000,0.000000,0.000000,0.000000,0.000000,6.960915,24.777873,-0.213773
1649350411.124994,2231.000000,1649350411.124137,0.000000,0.000000,1.000000,0.000000,0.000000,0.000000,0.000000,6.964684,24.774766,-0.190778
1649350411.222600,2232.000000,1649350411.222324,0.000000,0.000000,1.000000,0.000000,0.000000,0.000000,0.000000,6.962750,24.776204,-0.194696
1649350411.324562,2233.000000,1649350411.323926,0.000000,0.000000,1.000000,0.000000,0.000000,0.000000,0.000000,6.958702,24.778662,-0.200234
1649350411.422592,2234.000000,1649350411.422358,0.000000,0.000000,1.000000,0.000000,0.000000,0.000000,0.000000,6.951581,24.782077,-0.223440
1649350411.526559,2235.000000,1649350411.525644,0.000000,0.000000,1.000000,0.000000,0.000000,0.000000,0.000000,6.940488,24.789657,-0.259523
1649350411.622412,2236.000000,1649350411.622271,0.000000,0.000000,1.000000,0.000000,0.000000,0.000000,0.000000,6.928944,24.797880,-0.307092
1649350411.723785,2237.000000,1649350411.723414,0.000000,0.000000,1.000000,0.000000,0.000000,0.000000,0.000000,6.924642,24.801236,-0.323668
1649350411.822912,2238.000000,1649350411.822499,0.000000,0.000000,1.000000,0.000000,0.000000,0.000000,0.000000,6.926106,24.801073,-0.316117
1649350411.923539,2239.000000,1649350411.923223,0.000000,0.000000,1.000000,0.000000,0.000000,0.000000,0.000000,6.924289,24.801948,-0.320912
1649350412.026211,2240.000000,1649350412.025385,0.000000,0.000000,1.000000,0.000000,0.000000,0.000000,0.000000,6.922643,24.802716,-0.323034
1649350412.122305,2241.000000,1649350412.122041,0.000000,0.000000,1.000000,0.000000,0.000000,0.000000,0.000000,6.926612,24.802293,-0.293556
1649350412.222409,2242.000000,1649350412.222140,0.000000,0.000000,1.000000,0.000000,0.000000,0.000000,0.000000,6.933693,24.798567,-0.245902
1649350412.323283,2243.000000,1649350412.322609,0.000000,0.000000,1.000000,0.000000,0.000000,0.000000,0.000000,6.932786,24.798276,-0.220402
1649350412.424202,2244.000000,1649350412.423587,0.000000,0.000000,1.000000,0.000000,0.000000,0.000000,0.000000,6.930870,24.799055,-0.212978
1649350412.523945,2245.000000,1649350412.523124,0.000000,0.000000,1.000000,0.000000,0.000000,0.000000,0.000000,6.929094,24.799755,-0.207585
1649350412.622990,2246.000000,1649350412.622760,0.000000,0.000000,1.000000,0.000000,0.000000,0.000000,0.000000,6.925274,24.800380,-0.227534
1649350412.723780,2247.000000,1649350412.723382,0.000000,0.000000,1.000000,0.000000,0.000000,0.000000,0.000000,6.921712,24.799844,-0.246764
1649350412.822874,2248.000000,1649350412.822627,0.000000,0.000000,1.000000,0.000000,0.000000,0.000000,0.000000,6.919492,24.800395,-0.262848
1649350412.922511,2249.000000,1649350412.922365,0.000000,0.000000,1.000000,0.000000,0.000000,0.000000,0.000000,6.913092,24.804155,-0.291207
1649350413.024110,2250.000000,1649350413.023729,0.000000,0.000000,1.000000,0.000000,0.000000,0.000000,0.000000,6.913662,24.804396,-0.282909
1649350413.127194,2251.000000,1649350413.126028,0.000000,0.000000,1.000000,0.000000,0.000000,0.000000,0.000000,6.908820,24.807855,-0.293480
1649350413.223352,2252.000000,1649350413.222895,0.000000,0.000000,1.000000,0.000000,0.000000,0.000000,0.000000,6.903235,24.811075,-0.303594
1649350413.330513,2253.000000,1649350413.329713,0.000000,0.000000,1.000000,0.000000,0.000000,0.000000,0.000000,6.902411,24.809702,-0.285833
1649350413.425843,2254.000000,1649350413.424926,0.000000,0.000000,1.000000,0.000000,0.000000,0.000000,0.000000,6.898453,24.809445,-0.288934
1649350413.525008,2255.000000,1649350413.524141,0.000000,0.000000,1.000000,0.000000,0.000000,0.000000,0.000000,6.893720,24.811338,-0.290278
1649350413.624871,2256.000000,1649350413.624204,0.000000,0.000000,1.000000,0.000000,0.000000,0.000000,0.000000,6.887174,24.814169,-0.314127
1649350413.725012,2257.000000,1649350413.724228,0.000000,0.000000,1.000000,0.000000,0.000000,0.000000,0.000000,6.880017,24.817881,-0.349051
1649350413.825984,2258.000000,1649350413.824969,0.000000,0.000000,1.000000,0.000000,0.000000,0.000000,0.000000,6.879931,24.816966,-0.342933
1649350413.925048,2259.000000,1649350413.924247,0.000000,0.000000,1.000000,0.000000,0.000000,0.000000,0.000000,6.878890,24.819316,-0.360347
1649350414.024153,2260.000000,1649350414.023801,0.000000,0.000000,1.000000,0.000000,0.000000,0.000000,0.000000,6.874761,24.823657,-0.384190
1649350414.125176,2261.000000,1649350414.123867,0.000000,0.000000,1.000000,0.000000,0.000000,0.000000,0.000000,6.876442,24.823329,-0.377877
1649350414.223073,2262.000000,1649350414.222721,0.000000,0.000000,1.000000,0.000000,0.000000,0.000000,0.000000,6.879241,24.821863,-0.366835
1649350414.324736,2263.000000,1649350414.324292,0.000000,0.000000,1.000000,0.000000,0.000000,0.000000,0.000000,6.885262,24.817147,-0.333537
1649350414.423506,2264.000000,1649350414.422643,0.000000,0.000000,1.000000,0.000000,0.000000,0.000000,0.000000,6.895396,24.810469,-0.285393
1649350414.526985,2265.000000,1649350414.525531,0.000000,0.000000,1.000000,0.000000,0.000000,0.000000,0.000000,6.901749,24.806319,-0.272280
1649350414.624668,2266.000000,1649350414.624424,0.000000,0.000000,1.000000,0.000000,0.000000,0.000000,0.000000,6.911046,24.799121,-0.242000
1649350414.725424,2267.000000,1649350414.724028,0.000000,0.000000,1.000000,0.000000,0.000000,0.000000,0.000000,6.912195,24.796698,-0.234005
1649350414.823658,2268.000000,1649350414.823141,0.000000,0.000000,1.000000,0.000000,0.000000,0.000000,0.000000,6.911086,24.797706,-0.245792
1649350414.923176,2269.000000,1649350414.922829,0.000000,0.000000,1.000000,0.000000,0.000000,0.000000,0.000000,6.914390,24.795409,-0.230572
1649350415.023112,2270.000000,1649350415.022777,0.000000,0.000000,1.000000,0.000000,0.000000,0.000000,0.000000,6.920766,24.791086,-0.202360
1649350415.124045,2271.000000,1649350415.123450,0.000000,0.000000,1.000000,0.000000,0.000000,0.000000,0.000000,6.923486,24.789218,-0.195592
1649350415.222775,2272.000000,1649350415.222465,0.000000,0.000000,1.000000,0.000000,0.000000,0.000000,0.000000,6.922741,24.791859,-0.211831
1649350415.322264,2273.000000,1649350415.322100,0.000000,0.000000,1.000000,0.000000,0.000000,0.000000,0.000000,6.926360,24.790026,-0.200921
1649350415.424096,2274.000000,1649350415.423680,0.000000,0.000000,1.000000,0.000000,0.000000,0.000000,0.000000,6.928642,24.788331,-0.197840
1649350415.524010,2275.000000,1649350415.523419,0.000000,0.000000,1.000000,0.000000,0.000000,0.000000,0.000000,6.934018,24.784587,-0.171628
1649350415.622252,2276.000000,1649350415.622087,0.000000,0.000000,1.000000,0.000000,0.000000,0.000000,0.000000,6.934672,24.784367,-0.170030
1649350415.725899,2277.000000,1649350415.725095,0.000000,0.000000,1.000000,0.000000,0.000000,0.000000,0.000000,6.939588,24.780936,-0.144469
1649350415.824474,2278.000000,1649350415.824110,0.000000,0.000000,1.000000,0.000000,0.000000,0.000000,0.000000,6.948520,24.775567,-0.110463
1649350415.924295,2279.000000,1649350415.923858,0.000000,0.000000,1.000000,0.000000,0.000000,0.000000,0.000000,6.951413,24.774921,-0.107919
1649350416.023537,2280.000000,1649350416.023211,0.000000,0.000000,1.000000,0.000000,0.000000,0.000000,0.000000,6.956226,24.771106,-0.083947
1649350416.123106,2281.000000,1649350416.122743,0.000000,0.000000,1.000000,0.000000,0.000000,0.000000,0.000000,6.956302,24.770845,-0.088637
1649350416.225090,2282.000000,1649350416.223751,0.000000,0.000000,1.000000,0.000000,0.000000,0.000000,0.000000,6.957357,24.771761,-0.109523
1649350416.322361,2283.000000,1649350416.322185,0.000000,0.000000,1.000000,0.000000,0.000000,0.000000,0.000000,6.953890,24.774872,-0.143487
1649350416.424804,2284.000000,1649350416.423915,0.000000,0.000000,1.000000,0.000000,0.000000,0.000000,0.000000,6.943982,24.778956,-0.184291
1649350416.524454,2285.000000,1649350416.523969,0.000000,0.000000,1.000000,0.000000,0.000000,0.000000,0.000000,6.934563,24.782853,-0.236421
1649350416.623178,2286.000000,1649350416.622996,0.000000,0.000000,1.000000,0.000000,0.000000,0.000000,0.000000,6.926729,24.787649,-0.275137
1649350416.723405,2287.000000,1649350416.722752,0.000000,0.000000,1.000000,0.000000,0.000000,0.000000,0.000000,6.925872,24.790007,-0.275914
